 F
        5689       22043           3         500
   -0.445613979049440356E+01    0.280493969378172014E+01
 T
   2
    0.200000000000000000E+01    0.300000000000000000E+01    0.240000000000000005E-01    0.975999999999999979E+00
   0
   0
 T T     0           0
    0.000000000000000000E+00   -0.100000000000000002+101    0.000000000000000000E+00
 T F     1          12
    0.722148686722136817E-06   -0.818727797840513283E+01    0.276030681242555698E+01
 T F     1         488
    0.305124835984086245E-04   -0.448039717939990467E+01    0.280603560922863116E+01
