 F
        5494       19050           3         500
    0.285200833832070533E+01    0.102296639422602631E+02
 T
   2
    0.200000000000000000E+01    0.300000000000000000E+01    0.957999999999999963E+00    0.420000000000000026E-01
   0
   0
 T T     0           0
    0.000000000000000000E+00   -0.100000000000000002+101    0.000000000000000000E+00
 T F     1         479
    0.432177947637738048E-04    0.281632192815327098E+01    0.102390585933884601E+02
 T F     1          21
    0.322597238998441471E-05   -0.498767134245892030E+00    0.997107762326992386E+01
