 F
        7134       25944           3         500
   -0.614018405493038166E+01    0.415841271155366687E+01
 T
   2
    0.200000000000000000E+01    0.300000000000000000E+01    0.971999999999999975E+00    0.280000000000000006E-01
   0
   0
 T T     0           0
    0.000000000000000000E+00   -0.100000000000000002+101    0.000000000000000000E+00
 T F     1         486
    0.165602429279554407E-05   -0.615516748628463439E+01    0.417418043411048423E+01
 T F     1          14
    0.929974627940482874E-07   -0.103484766810807276E+02    0.311393298701751808E+01
